eval_loss = 0.020559930087377627
eval_precision = 0.7731958762886598
eval_recall = 0.872093023255814
eval_f1 = 0.819672131147541
epoch = 5.0
