eval_loss = 0.03614794344387271
eval_precision = 0.8413978494623656
eval_recall = 0.810880829015544
eval_f1 = 0.8258575197889181
epoch = 3.0
