eval_loss = 0.028123494051396847
eval_precision = 0.92018779342723
eval_recall = 0.9333333333333333
eval_f1 = 0.9267139479905437
epoch = 5.0
