eval_loss = 0.4826431615012033
eval_precision = 0.327683615819209
eval_recall = 0.44274809160305345
eval_f1 = 0.37662337662337664
epoch = 3.0
