eval_loss = 0.0305268919095397
eval_precision = 0.8761467889908257
eval_recall = 0.9095238095238095
eval_f1 = 0.8925233644859812
epoch = 5.0
