eval_loss = 0.044361413642764094
eval_precision = 0.8478260869565217
eval_recall = 0.8914285714285715
eval_f1 = 0.8690807799442897
epoch = 10.0
