eval_loss = 0.05227115961977027
eval_precision = 0.8583106267029973
eval_recall = 0.8160621761658031
eval_f1 = 0.8366533864541833
epoch = 10.0
